1,1,0,1,1
2,2,0,3,0
3,2,0,3,0
4,2,0,3,0
5,2,0,3,0
6,2,0,3,0
7,3,0,8,0
8,3,0,8,0
9,3,0,8,0
10,3,0,8,0
11,3,0,8,0
12,4,0,12,1
13,5,0,22,0
14,5,0,22,0
15,5,0,22,0
16,5,0,22,0
17,5,0,22,0
18,5,0,22,0
19,5,0,22,0
20,5,0,22,0
21,5,0,22,0
22,5,0,22,0
23,4,0,12,1
24,6,0,25,0
25,6,0,25,0
26,6,0,25,0
27,6,0,25,0
28,6,0,25,0
29,7,0,30,0
30,7,0,30,0
31,7,0,30,0
32,7,0,30,0
33,7,0,30,0
34,8,0,34,1
35,9,0,40,0
36,9,0,40,0
37,9,0,40,0
38,9,0,40,0
39,9,0,40,0
40,9,0,40,0
41,9,0,40,0
42,9,0,40,0
43,9,0,40,0
44,9,0,40,0
45,10,0,45,1
46,11,0,46,0
47,12,0,49,0
48,12,0,49,0
49,12,0,49,0
50,12,0,49,0
51,13,0,51,0
52,13,0,51,0
53,14,0,54,0
54,14,0,54,0
55,14,0,54,0
56,4,0,12,1
57,15,0,64,0
58,15,0,64,0
59,15,0,64,0
60,15,0,64,0
61,15,0,64,0
62,15,0,64,0
63,15,0,64,0
64,15,0,64,0
65,15,0,64,0
66,15,0,64,0
67,8,0,34,1
68,8,0,34,0
69,8,0,34,0
70,8,0,34,0
71,8,0,34,0
72,8,0,34,0
73,8,0,34,0
74,8,0,34,0
75,8,0,34,0
76,8,0,34,0
77,8,0,34,0
78,16,0,78,1
79,17,0,79,0
80,17,0,79,0
81,17,0,79,0
82,17,0,79,0
83,17,0,79,0
84,18,0,88,0
85,18,0,88,0
86,18,0,88,0
87,18,0,88,0
88,18,0,88,0
89,8,0,34,1
90,19,0,99,0
91,19,0,99,0
92,19,0,99,0
93,19,0,99,0
94,19,0,99,0
95,19,0,99,0
96,19,0,99,0
97,19,0,99,0
98,19,0,99,0
99,19,0,99,0
100,20,0,100,1
101,21,0,104,0
102,21,0,104,0
103,21,0,104,0
104,21,21,104,0
105,21,0,104,0
106,22,0,109,0
107,22,0,109,0
108,22,0,109,0
109,22,0,109,0
110,22,0,109,0
111,8,0,34,1
112,23,0,120,0
113,23,0,120,0
114,23,0,120,0
115,23,0,120,0
116,23,0,120,0
117,23,0,120,0
118,23,0,120,0
119,23,0,120,0
120,23,0,120,0
121,23,0,120,0
