1 1 0 1
2 2 0 3
3 2 0 3
4 2 0 3
5 2 0 3
6 2 0 3
7 3 0 8
8 3 0 8
9 3 0 8
10 3 0 8
11 3 0 8
12 4 0 12
13 5 0 22
14 5 0 22
15 5 0 22
16 5 0 22
17 5 0 22
18 5 0 22
19 5 0 22
20 5 0 22
21 5 0 22
22 5 0 22
23 4 0 12
24 6 0 25
25 6 0 25
26 6 0 25
27 6 0 25
28 6 0 25
29 7 0 30
30 7 0 30
31 7 0 30
32 7 0 30
33 7 0 30
34 8 0 34
35 9 0 40
36 9 0 40
37 9 0 40
38 9 0 40
39 9 0 40
40 9 0 40
41 9 0 40
42 9 0 40
43 9 0 40
44 9 0 40
45 10 0 45
46 11 0 46
47 12 0 49
48 12 0 49
49 12 0 49
50 12 0 49
51 13 0 51
52 13 0 51
53 14 0 54
54 14 0 54
55 14 0 54
56 4 0 12
57 15 0 64
58 15 0 64
59 15 0 64
60 15 0 64
61 15 0 64
62 15 0 64
63 15 0 64
64 15 0 64
65 15 0 64
66 15 0 64
67 8 0 34
68 8 0 34
69 8 0 34
70 8 0 34
71 8 0 34
72 8 0 34
73 8 0 34
74 8 0 34
75 8 0 34
76 8 0 34
77 8 0 34
78 16 0 78
79 17 0 79
80 17 0 79
81 17 0 79
82 17 0 79
83 17 0 79
84 18 0 88
85 18 0 88
86 18 0 88
87 18 0 88
88 18 0 88
89 8 0 34
90 19 0 99
91 19 0 99
92 19 0 99
93 19 0 99
94 19 0 99
95 19 0 99
96 19 0 99
97 19 0 99
98 19 0 99
99 19 0 99
100 20 0 100
101 21 0 104
102 21 0 104
103 21 0 104
104 21 21 104
105 21 0 104
106 22 0 109
107 22 0 109
108 22 0 109
109 22 0 109
110 22 0 109
111 8 0 34
112 23 0 120
113 23 0 120
114 23 0 120
115 23 0 120
116 23 0 120
117 23 0 120
118 23 0 120
119 23 0 120
120 23 0 120
121 23 0 120
