1,1
2,0
2,0
2,0
2,0
2,0
3,0
3,0
3,0
3,0
3,0
4,1
4,1
4,1
5,0
5,0
5,0
5,0
5,0
5,0
5,0
5,0
5,0
5,0
6,0
6,0
6,0
6,0
6,0
7,0
7,0
7,0
7,0
7,0
8,1
8,1
8,0
8,0
8,0
8,0
8,0
8,0
8,0
8,0
8,0
8,0
8,1
8,1
9,0
9,0
9,0
9,0
9,0
9,0
9,0
9,0
9,0
9,0
10,1
11,0
12,0
12,0
12,0
12,0
13,0
13,0
14,0
14,0
14,0
15,0
15,0
15,0
15,0
15,0
15,0
15,0
15,0
15,0
15,0
16,1
17,0
17,0
17,0
17,0
17,0
18,0
18,0
18,0
18,0
18,0
19,0
19,0
19,0
19,0
19,0
19,0
19,0
19,0
19,0
19,0
20,1
21,0
21,0
21,0
21,0
21,0
22,0
22,0
22,0
22,0
22,0
23,0
23,0
23,0
23,0
23,0
23,0
23,0
23,0
23,0
23,0
