 96.79   0.19
 99.91   0.01
101.08   0.14
100.38   0.01
 98.80   0.01
 98.82   0.02
 99.86   0.01
100.22   0.08
 99.05   0.01
 96.79   0.01
 97.41   0.01
 88.37   0.17
 91.42   0.00
 92.77   0.00
 94.37   0.00
 95.90   0.00
 97.16   0.04
 92.37   0.00
 93.81   0.00
 95.56   0.00
 96.80   0.00
 97.71   0.13
 37.66   0.21
 76.76   0.00
 77.62   0.05
 77.22   0.00
 76.64   0.00
 76.28   0.00
 79.25   0.00
 79.71   0.08
 78.85   0.00
 77.99   0.00
 77.45   0.00
 96.58   0.10
 94.67   0.03
 94.06   0.00
 93.28   0.00
 93.72   0.01
 94.62   0.01
 94.69   0.05
 94.04   0.01
 93.21   0.00
 93.68   0.01
 94.64   0.01
104.41   0.12
103.20   0.05
102.80   0.01
103.06   0.01
103.45   0.10
102.30   0.01
102.92   0.05
102.61   0.01
102.63   0.01
103.11   0.08
102.25   0.01
 62.97   0.09
 68.13   0.00
 68.54   0.03
 68.37   0.00
 68.03   0.00
 67.78   0.00
 69.91   0.00
 70.24   0.00
 70.27   0.06
 69.64   0.00
 69.25   0.00
 96.44   0.00
 95.29   0.00
 95.27   0.00
 95.41   0.00
 95.45   0.00
 95.51   0.01
 95.38   0.00
 95.39   0.00
 95.60   0.00
 95.55   0.00
 95.62   0.04
 96.61   0.12
101.88   0.07
100.03   0.02
 94.00   0.00
 95.13   0.02
101.28   0.04
101.60   0.04
100.53   0.02
 96.33   0.00
 97.19   0.01
102.14   0.05
 96.44   0.00
 94.30   0.00
 94.61   0.00
 94.83   0.00
 95.08   0.00
 95.54   0.03
 94.49   0.00
 94.83   0.00
 95.15   0.00
 95.28   0.00
 95.79   0.05
101.55   0.11
101.53   0.04
 99.56   0.01
104.24   0.01
106.51   0.21
105.38   0.02
100.13   0.04
 98.37   0.01
103.94   0.01
106.25   0.12
105.39   0.02
 96.50   0.00
 94.80   0.01
 94.71   0.00
 95.04   0.00
 95.28   0.03
 95.08   0.00
 95.01   0.01
 94.73   0.00
 95.10   0.00
 95.35   0.05
 95.18   0.00
